0.00000	283220304.579995
0.00100	282933069.965970
0.00200	282073582.249348
0.00300	280648460.945338
0.00400	278668641.050672
0.00500	276149228.338207
0.00600	273109300.318651
0.00700	269571656.360414
0.00800	265562521.308356
0.00900	261111207.725974
0.01000	256249742.556253
0.01100	251012464.562516
0.01200	245435599.334118
0.01300	239556818.934373
0.01400	233414793.427027
0.01500	227048741.522346
0.01600	220497987.461170
0.01700	213801530.981706
0.01800	206997636.831938
0.01900	200123449.770299
0.02000	193214640.388467
0.02100	186305086.383810
0.02200	179426593.126423
0.02300	172608656.537839
0.02400	165878270.424261
0.02500	159259779.517193
0.02600	152774778.594918
0.02700	146442057.183963
0.02800	140277588.518738
0.02900	134294560.662696
0.03000	128503446.991273
0.03100	122912112.620050
0.03200	117525952.831435
0.03300	112348059.133819
0.03400	107379408.265579
0.03500	102619069.256460
0.03600	98064423.559154
0.03700	93711393.282627
0.03800	89554672.675335
0.03900	85587958.227453
0.04000	81804173.063552
0.04100	78195681.686799
0.04200	74754491.582735
0.04300	71472438.698019
0.04400	68341354.353874
0.04500	65353211.719987
0.04600	62500250.557019
0.04700	59775079.510851
0.04800	57170755.800033
0.04900	54680842.669387
0.05000	52299445.471357
0.05100	50021227.676473
0.05200	47841408.494936
0.05300	45755744.109217
0.05400	43760494.764214
0.05500	41852380.139921
0.05600	40028525.534074
0.05700	38286401.419259
0.05800	36623758.903416
0.05900	35038563.528523
0.06000	33528929.687304
0.06100	32093057.737251
0.06200	30729175.643887
0.06300	29435486.710975
0.06400	28210124.651878
0.06500	27051116.942357
0.06600	25956357.073964
0.06700	24923586.011717
0.06800	23950382.854739
0.06900	23034164.414639
0.07000	22172193.169451
0.07100	21361592.824227
0.07200	20599370.522155
0.07300	19882444.599501
0.07400	19207676.671675
0.07500	18571906.771987
0.07600	17971990.241952
0.07700	17404835.088856
0.07800	16867438.580871
0.07900	16356921.937524
0.08000	15870562.091535
0.08100	15405819.638579
0.08200	14960362.252862
0.08300	14532083.018539
0.08400	14119113.308972
0.08500	13719830.026619
0.08600	13332857.195665
0.08700	12957062.067837
0.08800	12591546.058017
0.08900	12235630.964587
0.09000	11888841.046659
0.09100	11550881.625473
0.09200	11221614.946769
0.09300	10901034.085895
0.09400	10589235.695793
0.09500	10286392.393116
0.09600	9992725.548016
0.09700	9708479.193453
0.09800	9433895.700747
0.09900	9169193.783834
0.10000	8914549.297921
0.10100	8670079.192754
0.10200	8435828.870172
0.10300	8211763.083332
0.10400	7997760.404859
0.10500	7793611.185900
0.10600	7599018.830784
0.10700	7413604.125501
0.10800	7236912.283707
0.10900	7068422.314291
0.11000	6907558.269158
0.11100	6753701.901254
0.11200	6606206.248810
0.11300	6464409.664161
0.11400	6327649.821338
0.11500	6195277.266223
0.11600	6066668.113767
0.11700	5941235.547307
0.11800	5818439.832950
0.11900	5697796.625273
0.12000	5578883.406931
0.12100	5461343.971977
0.12200	5344890.928662
0.12300	5229306.259993
0.12400	5114440.038097
0.12500	5000207.439575
0.12600	4886584.252232
0.12700	4773601.098442
0.12800	4661336.625909
0.12900	4549909.932417
0.13000	4439472.497929
0.13100	4330199.894725
0.13200	4222283.535394
0.13300	4115922.699950
0.13400	4011317.058109
0.13500	3908659.872636
0.13600	3808132.034901
0.13700	3709897.047018
0.13800	3614097.026353
0.13900	3520849.770088
0.14000	3430246.880391
0.14100	3342352.916386
0.14200	3257205.507936
0.14300	3174816.339548
0.14400	3095172.890841
0.14500	3018240.803429
0.14600	2943966.733146
0.14700	2872281.541141
0.14800	2803103.677443
0.14900	2736342.615665
0.15000	2671902.207283
0.15100	2609683.837589
0.15200	2549589.282314
0.15300	2491523.183345
0.15400	2435395.082863
0.15500	2381120.977022
0.15600	2328624.371979
0.15700	2277836.845923
0.15800	2228698.140084
0.15900	2181155.818911
0.16000	2135164.554048
0.16100	2090685.098416
0.16200	2047683.024746
0.16300	2006127.307901
0.16400	1965988.831698
0.16500	1927238.899152
0.16600	1889847.820249
0.16700	1853783.643845
0.16800	1819011.090558
0.16900	1785490.731931
0.17000	1753178.448438
0.17100	1722025.185361
0.17200	1691977.011920
0.17300	1662975.475767
0.17400	1634958.232501
0.17500	1607859.918755
0.17600	1581613.227859
0.17700	1556150.139636
0.17800	1531403.250481
0.17900	1507307.146844
0.18000	1483799.764432
0.18100	1460823.677090
0.18200	1438327.262836
0.18300	1416265.700258
0.18400	1394601.755635
0.18500	1373306.329783
0.18600	1352358.743171
0.18700	1331746.748038
0.18800	1311466.266592
0.18900	1291520.864543
0.19000	1271920.978927
0.19100	1252682.927850
0.19200	1233827.737435
0.19300	1215379.827364
0.19400	1197365.601002
0.19500	1179811.988892
0.19600	1162744.995482
0.19700	1146188.298188
0.19800	1130161.945476
0.19900	1114681.196626
0.20000	1099755.540410
0.20100	1085387.923297
0.20200	1071574.210307
0.20300	1058302.893429
0.20400	1045555.054009
0.20500	1033304.576957
0.20600	1021518.606302
0.20700	1010158.223799
0.20800	999179.325305
0.20900	988533.663574
0.21000	978170.021266
0.21100	968035.474387
0.21200	958076.704225
0.21300	948241.315047
0.21400	938479.115540
0.21500	928743.323939
0.21600	918991.660110
0.21700	909187.292187
0.21800	899299.610754
0.21900	889304.809560
0.22000	879186.258427
0.22100	868934.660851
0.22200	858547.995767
0.22300	848031.249790
0.22400	837395.952597
0.22500	826659.534046
0.22600	815844.526689
0.22700	804977.641604
0.22800	794088.748666
0.22900	783209.794621
0.23000	772373.693298
0.23100	761613.222363
0.23200	750959.959821
0.23300	740443.291435
0.23400	730089.517164
0.23500	719921.080972
0.23600	709955.943887
0.23700	700207.115285
0.23800	690682.352171
0.23900	681384.030816
0.24000	672309.189813
0.24100	663449.738444
0.24200	654792.819492
0.24300	646321.311273
0.24400	638014.450001
0.24500	629848.550544
0.24600	621797.801385
0.24700	613835.108152
0.24800	605932.959400
0.24900	598064.288565
0.25000	590203.306872
0.25100	582326.283693
0.25200	574412.253113
0.25300	566443.628312
0.25400	558406.708638
0.25500	550292.067873
0.25600	542094.815956
0.25700	533814.730356
0.25800	525456.257113
0.25900	517028.385250
0.26000	508544.401753
0.26100	500021.537349
0.26200	491480.516045
0.26300	482945.023559
0.26400	474441.111448
0.26500	465996.554864
0.26600	457640.182438
0.26700	449401.196768
0.26800	441308.503532
0.26900	433390.066195
0.27000	425672.301898
0.27100	418179.532287
0.27200	410933.500970
0.27300	403952.966960
0.27400	397253.381002
0.27500	390846.649174
0.27600	384740.985601
0.27700	378940.853728
0.27800	373446.993287
0.27900	368256.528039
0.28000	363363.147503
0.28100	358757.354423
0.28200	354426.768425
0.28300	350356.475513
0.28400	346529.412446
0.28500	342926.774873
0.28600	339528.438190
0.28700	336313.380484
0.28800	333260.097602
0.28900	330347.001270
0.29000	327552.792252
0.29100	324856.801777
0.29200	322239.295739
0.29300	319681.737569
0.29400	317167.007022
0.29500	314679.573470
0.29600	312205.623535
0.29700	309733.144095
0.29800	307251.962690
0.29900	304753.748262
0.30000	302231.975906
0.30100	299681.859818
0.30200	297100.259075
0.30300	294485.561044
0.30400	291837.547317
0.30500	289157.246972
0.30600	286446.781747
0.30700	283709.207402
0.30800	280948.355138
0.30900	278168.676457
0.31000	275375.094359
0.31100	272572.863198
0.31200	269767.439037
0.31300	266964.361766
0.31400	264169.149803
0.31500	261387.207737
0.31600	258623.746900
0.31700	255883.718524
0.31800	253171.758885
0.31900	250492.145653
0.32000	247848.764527
0.32100	245245.085190
0.32200	242684.145567
0.32300	240168.543449
0.32400	237700.434561
0.32500	235281.536274
0.32600	232913.136262
0.32700	230596.105496
0.32800	228330.915103
0.32900	226117.656691
0.33000	223956.065845
0.33100	221845.548525
0.33200	219785.210165
0.33300	217773.887273
0.33400	215810.181289
0.33500	213892.494467
0.33600	212019.067453
0.33700	210188.018168
0.33800	208397.381551
0.33900	206645.149600
0.34000	204929.311087
0.34100	203247.890274
0.34200	201598.983882
0.34300	199980.795539
0.34400	198391.666956
0.34500	196830.105070
0.34600	195294.804483
0.34700	193784.664576
0.34800	192298.800833
0.34900	190836.550019
0.35000	189397.469025
0.35100	187981.327390
0.35200	186588.093678
0.35300	185217.916091
0.35400	183871.097895
0.35500	182548.068396
0.35600	181249.350381
0.35700	179975.525066
0.35800	178727.195692
0.35900	177504.950974
0.36000	176309.329660
0.36100	175140.787395
0.36200	173999.667086
0.36300	172886.173798
0.36400	171800.355150
0.36500	170742.087919
0.36600	169711.071447
0.36700	168706.828141
0.36800	167728.711171
0.36900	166775.919200
0.37000	165847.517728
0.37100	164942.466421
0.37200	164059.651553
0.37300	163197.922518
0.37400	162356.131213
0.37500	161533.172970
0.37600	160728.027651
0.37700	159939.799499
0.37800	159167.754360
0.37900	158411.352969
0.38000	157670.279103
0.38100	156944.461588
0.38200	156234.089322
0.38300	155539.618710
0.38400	154861.773168
0.38500	154201.534602
0.38600	153560.127044
0.38700	152938.992865
0.38800	152339.762275
0.38900	151764.216976
0.39000	151214.249092
0.39100	150691.816593
0.39200	150198.896569
0.39300	149737.437768
0.39400	149309.313793
0.39500	148916.278357
0.39600	148559.923863
0.39700	148241.644476
0.39800	147962.604657
0.39900	147723.713945
0.40000	147525.608524
0.40100	147368.639880
0.40200	147252.870591
0.40300	147178.077041
0.40400	147143.758620
0.40500	147149.152748
0.40600	147193.254869
0.40700	147274.842422
0.40800	147392.501672
0.40900	147544.656229
0.41000	147729.596084
0.41100	147945.505972
0.41200	148190.492032
0.41300	148462.605787
0.41400	148759.864658
0.41500	149080.268445
0.41600	149421.811365
0.41700	149782.489539
0.41800	150160.303996
0.41900	150553.259531
0.42000	150959.359955
0.42100	151376.600479
0.42200	151802.958100
0.42300	152236.381022
0.42400	152674.778188
0.42500	153116.010013
0.42600	153557.881413
0.42700	153998.138126
0.42800	154434.467170
0.42900	154864.502166
0.43000	155285.833976
0.43100	155696.026921
0.43200	156092.640539
0.43300	156473.256591
0.43400	156835.510744
0.43500	157177.128101
0.43600	157495.961502
0.43700	157790.031322
0.43800	158057.565334
0.43900	158297.037096
0.44000	158507.201260
0.44100	158687.124219
0.44200	158836.208605
0.44300	158954.210246
0.44400	159041.246438
0.44500	159097.794620
0.44600	159124.680839
0.44700	159123.057770
0.44800	159094.372379
0.44900	159040.323742
0.45000	158962.811891
0.45100	158863.878936
0.45200	158745.644068
0.45300	158610.234306
0.45400	158459.713152
0.45500	158296.009438
0.45600	158120.848807
0.45700	157935.690249
0.45800	157741.670072
0.45900	157539.555548
0.46000	157329.710221
0.46100	157112.072569
0.46200	156886.149333
0.46300	156651.024373
0.46400	156405.383445
0.46500	156147.554758
0.46600	155875.564647
0.46700	155587.207168
0.46800	155280.125918
0.46900	154951.905902
0.47000	154600.172874
0.47100	154222.697218
0.47200	153817.499195
0.47300	153382.952208
0.47400	152917.880689
0.47500	152421.649247
0.47600	151894.239897
0.47700	151336.314426
0.47800	150749.259352
0.47900	150135.211360
0.48000	149497.061658
0.48100	148838.438272
0.48200	148163.665976
0.48300	147477.704192
0.48400	146786.063880
0.48500	146094.705121
0.48600	145409.917675
0.48700	144738.187402
0.48800	144086.051890
0.48900	143459.949049
0.49000	142866.062710
0.49100	142310.169447
0.49200	141797.490868
0.49300	141332.555574
0.49400	140919.074748
0.49500	140559.835032
0.49600	140256.611897
0.49700	140010.106182
0.49800	139819.905858
0.49900	139684.474369
0.50000	139601.166192

